!MaterialData
BaseColor:
  x: 0.08228271
  y: 0.26225066
  z: 0.08228271
  w: 1
