!MaterialData
BaseColor:
  x: 0.64000005
  y: 0.221926
  z: 0.044993896
  w: 1
