!MaterialData
BaseColor:
  x: 0.47405902
  y: 0.12431351
  z: 0.03278029
  w: 1
