!MaterialData
BaseColor:
  x: 0.100971036
  y: 0.39605644
  z: 0.122456625
  w: 1
